Latitude:32.77740166666667
Longitude:-117.07052666666667